09  011     00 001 001
19  031     00 011 001
21  041     00 100 001      NN
22  042     00 100 010      NN
23  043     00 100 011
29  051     00 101 001
2a  052     00 101 010      NN
2b  053     00 101 011
34  064     00 110 100  I
35  065     00 110 101  I
36  066     00 110 110  I   N
39  071     00 111 001
46  106     01 000 110  I
4e  116     01 001 110  I
56  126     01 010 110  I
5e  136     01 011 110  I
66  146     01 100 110  I
6e  156     01 101 110  I
70  160     01 110 000  I
71  161     01 110 001  I
72  162     01 110 010  I
73  163     01 110 011  I
74  164     01 110 100  I
75  165     01 110 101  I
77  167     01 110 111  I
7e  176     01 111 110  I
86  206     10 000 110  I
8e  216     10 001 110  I
96  226     10 010 110  I
9e  236     10 011 110  I
a6  246     10 100 110  I
ae  256     10 101 110  I
b6  266     10 110 110  I
be  276     10 111 110  I
e1  341     11 100 001
e3  343     11 100 011
e5  345     11 100 101
e9  351     11 101 001
f9  371     11 111 001
